 255, 216, 255, 224,   0,  16,  74,  70,  73,  70,   0,   1,   1,   0,   0,   1,
   0,   1,   0,   0, 255, 219,   0, 132,   0,   8,   6,   6,   7,   6,   5,   8,
   7,   7,   7,   9,   9,   8,  10,  12,  20,  13,  12,  11,  11,  12,  25,  18,
  19,  15,  20,  29,  26,  31,  30,  29,  26,  28,  28,  32,  36,  46,  39,  32,
  34,  44,  35,  28,  28,  40,  55,  41,  44,  48,  49,  52,  52,  52,  31,  39,
  57,  61,  56,  50,  60,  46,  51,  52,  50,   1,   9,   9,   9,  12,  11,  12,
  24,  13,  13,  24,  50,  33,  28,  33,  50,  50,  50,  50,  50,  50,  50,  50,
  50,  50,  50,  50,  50,  50,  50,  50,  50,  50,  50,  50,  50,  50,  50,  50,
  50,  50,  50,  50,  50,  50,  50,  50,  50,  50,  50,  50,  50,  50,  50,  50,
  50,  50,  50,  50,  50,  50,  50,  50,  50,  50, 255, 192,   0,  17,   8,   0,
 160,   1,   0,   3,   1,  34,   0,   2,  17,   1,   3,  17,   1, 255, 196,   1,
 162,   0,   0,   1,   5,   1,   1,   1,   1,   1,   1,   0,   0,   0,   0,   0,
   0,   0,   0,   1,   2,   3,   4,   5,   6,   7,   8,   9,  10,  11,  16,   0,
   2,   1,   3,   3,   2,   4,   3,   5,   5,   4,   4,   0,   0,   1, 125,   1,
   2,   3,   0,   4,  17,   5,  18,  33,  49,  65,   6,  19,  81,  97,   7,  34,
 113,  20,  50, 129, 145, 161,   8,  35,  66, 177, 193,  21,  82, 209, 240,  36,
  51,  98, 114, 130,   9,  10,  22,  23,  24,  25,  26,  37,  38,  39,  40,  41,
  42,  52,  53,  54,  55,  56,  57,  58,  67,  68,  69,  70,  71,  72,  73,  74,
  83,  84,  85,  86,  87,  88,  89,  90,  99, 100, 101, 102, 103, 104, 105, 106,
 115, 116, 117, 118, 119, 120, 121, 122, 131, 132, 133, 134, 135, 136, 137, 138,
 146, 147, 148, 149, 150, 151, 152, 153, 154, 162, 163, 164, 165, 166, 167, 168,
 169, 170, 178, 179, 180, 181, 182, 183, 184, 185, 186, 194, 195, 196, 197, 198,
 199, 200, 201, 202, 210, 211, 212, 213, 214, 215, 216, 217, 218, 225, 226, 227,
 228, 229, 230, 231, 232, 233, 234, 241, 242, 243, 244, 245, 246, 247, 248, 249,
 250,   1,   0,   3,   1,   1,   1,   1,   1,   1,   1,   1,   1,   0,   0,   0,
   0,   0,   0,   1,   2,   3,   4,   5,   6,   7,   8,   9,  10,  11,  17,   0,
   2,   1,   2,   4,   4,   3,   4,   7,   5,   4,   4,   0,   1,   2, 119,   0,
   1,   2,   3,  17,   4,   5,  33,  49,   6,  18,  65,  81,   7,  97, 113,  19,
  34,  50, 129,   8,  20,  66, 145, 161, 177, 193,   9,  35,  51,  82, 240,  21,
  98, 114, 209,  10,  22,  36,  52, 225,  37, 241,  23,  24,  25,  26,  38,  39,
  40,  41,  42,  53,  54,  55,  56,  57,  58,  67,  68,  69,  70,  71,  72,  73,
  74,  83,  84,  85,  86,  87,  88,  89,  90,  99, 100, 101, 102, 103, 104, 105,
 106, 115, 116, 117, 118, 119, 120, 121, 122, 130, 131, 132, 133, 134, 135, 136,
 137, 138, 146, 147, 148, 149, 150, 151, 152, 153, 154, 162, 163, 164, 165, 166,
 167, 168, 169, 170, 178, 179, 180, 181, 182, 183, 184, 185, 186, 194, 195, 196,
 197, 198, 199, 200, 201, 202, 210, 211, 212, 213, 214, 215, 216, 217, 218, 226,
 227, 228, 229, 230, 231, 232, 233, 234, 242, 243, 244, 245, 246, 247, 248, 249,
 250, 255, 218,   0,  12,   3,   1,   0,   2,  17,   3,  17,   0,  63,   0, 242,
 229, 106, 126, 225,  81,  81,  72,  46,  74,  90, 141, 213,  13,  38, 104, 176,
 201, 179,  76, 166, 102, 151,  52,   5, 201,  49,  74,  56, 168, 233, 119,  80,
  34, 113,  83, 164, 156, 115,  84, 195,  26, 148,  84, 180,  52,  91,  18, 102,
 167, 137, 190, 108, 214, 120, 108,  26, 153, 100, 205, 102, 209, 162, 208, 218,
 142, 232, 131,  90, 118, 243, 231, 210, 185, 136, 228, 249, 185, 173,  56,  37,
  62, 181, 203,  56,  88, 247, 240, 120, 166, 111,  19, 184,  85, 123, 134, 194,
  84,  81,  93, 122, 212,  87,  50, 124, 213, 133, 143, 102, 120, 180, 233, 232,
  51, 117,  68, 212, 221, 222, 244, 194, 106, 210,  60, 201, 206, 224, 121, 164,
 205,  48, 181,  11, 205,  93, 142, 126,  98, 196, 127,  49,  21, 115, 111, 203,
  85, 237, 198,  26, 186,  13,  54, 200,  72, 185, 106,  92, 186, 150, 241,  17,
 167,  73, 201, 156,  45, 255,   0, 205,  63, 205, 233,  84,   8, 174, 211,  92,
 210, 209, 121,  93, 191, 149, 114,  19, 199, 179, 165, 119,  68, 249, 199,  83,
 153, 220, 128, 211,  40, 221,  73, 154, 178,  71, 125, 211, 154, 232,  52, 237,
  64,  70, 170,  13, 115, 217, 171, 118,  31,  53, 218,  47, 251,  85,  50,  87,
  53, 165,  85, 192, 244,  81,  59, 125, 155,  59, 122, 138, 227, 230,  98, 179,
  62, 122, 230, 187, 248,  99, 221, 100, 138,  20,  84,  23,  30,   9, 142, 231,
 247, 187, 136, 207, 165, 122,  14, 173,  63, 102, 181,  57, 220, 253, 235, 152,
 218, 119, 137, 146,  43,  79, 179, 200, 188, 214, 125, 220, 235, 121, 116, 210,
 173, 117,  22, 222,  25, 180, 181,  86,  12, 187, 154, 176, 245, 168, 162, 180,
 157,  68, 107, 138, 243, 220, 214, 232,  35,  43, 179, 135, 242, 233, 194,  60,
 246, 169,  87, 154, 152,  40, 166,  89,  72, 199, 237,  81, 249, 117, 167, 182,
 155, 229, 138,  46,  51,  51, 109,  24, 171, 237,  24, 166, 249,  98, 142,  97,
 216, 171, 182, 141, 149,  62,  57, 167, 165,  23,  36, 137,  34, 246, 169,  54,
 113,  86,  20, 113,  67,  84,  92, 210, 197,  66,  41, 213,  46,  42, 213, 141,
 145, 187, 186,  88, 147, 243, 199,  74, 119,  42,  17, 115, 151,  42,  40, 101,
 179, 222, 175,  91, 220,  30, 245, 161, 113, 164, 193, 110, 202, 166, 115,  33,
  63, 221, 237,  82, 127, 102,  91, 198, 161, 185,  99, 254, 213,  97,  41, 196,
 244, 169, 225,  43, 197, 144, 249, 158, 244, 253, 228, 243,  83, 172, 120, 254,
  21, 219, 238,  41, 130,  56, 203, 125, 204,  31, 246,  77,  97, 116, 119, 251,
  57, 144,  19,  76,  39,  53, 120, 105, 230,  92, 237, 110, 125,  26, 162, 183,
 177, 146,  98,  75, 102,  53,  30, 189, 254, 149,  68, 251,  26, 151, 181, 138,
 152,  61, 121, 219, 211,  53,  60,  43, 183, 235,  90, 240, 188, 107, 108, 108,
 182, 143,  32, 243, 147, 215,  53,  93,  45, 134, 227, 147, 211, 249, 211, 139,
 185, 142,  46,  18, 195, 238,  75,  99,  24,  50, 229, 186,  87,  81,  99, 180,
  67, 129, 192, 172,  84, 139, 236, 240, 143, 239, 176, 226, 159,  21, 205, 197,
 185, 206,  65, 170, 230,  31, 246,  61, 124,  93,  62, 110, 107,  23, 181,   8,
   4, 171,  92, 206, 163, 162, 110, 139,  42,  43, 127, 251,  77, 164,  60, 196,
 191, 133,  47, 218,  82,  65, 254, 175,  21,  74,  71,  27, 225, 252, 108,  15,
  49, 184, 182, 146,   6,  57,  21,  94, 189,  26, 125,  42, 206, 243, 239, 135,
  90, 204, 159, 194,  48, 225, 140,  55,  28, 227,  43, 158, 245, 178, 168,  57,
 101,  24, 168, 171, 180, 113, 153, 171,  86,  66,  79, 180,  71, 181,  73,  25,
 230, 165,  54, 187, 100,  40,  84, 135,  29, 171, 164, 209, 173,  67, 170,   4,
 143, 140, 250,  83, 115,  60, 217,  71, 151,  70, 117,  22, 151,  75, 228, 168,
  61, 171,  93, 117, 102, 242,  66, 230, 176,  86, 216, 199, 158,  58,  86, 149,
 181, 132, 215,  11, 145, 145, 248,  87,  53, 153, 199,  36, 216, 178, 220, 124,
 141,  92,  95, 137,  36,  59, 247,  87, 107, 127, 167,  73, 111, 111, 230,  19,
  92, 102, 172, 158, 108, 184,  53, 175,  47,  40, 224, 172, 206,  69,  94, 172,
 196, 212, 217,  34, 244,  21,  26, 252, 173,  90, 157,   5, 245, 230, 166,  72,
  12, 174,  35,  94, 166, 160, 132, 214, 174, 154, 193, 111, 163,  62, 244,  71,
  89,  88, 174, 130, 205, 225, 235, 180, 140, 176,  76, 138, 199, 154,   9,  99,
  56, 100,  34, 189, 162, 209,  34, 154, 221,  65,  11,  80, 221, 104,  54, 178,
 161,  38,  37,  60,  87, 165,  44,  10, 232, 103, 237,  15,  20,  56, 252, 105,
 203,  93, 134, 171, 225, 209,  20, 205, 178,  46,  43, 155, 185, 179,  54, 239,
 199, 221, 174,  58, 152, 105, 196, 171, 145,  10, 141, 205,  79,  12,  79,  49,
   1,  23,  53, 208, 219, 120, 118,  63, 179, 239, 185,   3, 167, 118, 172, 163,
  78, 230, 171, 153, 236, 142,  85,  65,  99, 129, 156, 214, 229, 160,  54, 176,
 176,  92, 249, 143, 213, 189,   5,  88,  58, 101, 181, 187,  51, 198, 163,  35,
 229,  24, 168, 151, 229, 235,  92, 149, 167, 208, 246, 112,  56,  73,  67, 223,
 146, 212,  69,  27, 219, 231, 167, 152, 219,  28,  30,  41, 234, 133, 155, 129,
  83, 149, 192, 228, 138, 228, 185, 237, 194, 143,  54, 172, 172,   9, 217, 138,
 147,   1,  62,  65, 247, 187, 212, 226,  37,   3, 118,  86, 165,  68, 181, 104,
 113, 151,  19,  30, 231, 238, 154,  46, 107,  28,  61, 136,  70, 123, 147, 138,
  82, 126,  94, 115,  74,  70,  14,  49, 138, 142,  67, 244, 168,  61,  38, 173,
   1, 164, 110, 231, 138, 191,  28, 145, 201,  46, 249,  83, 247, 155, 127,  10,
 163, 140, 246, 171, 150, 204,  25,  12, 115,  14,  63, 132, 154, 184, 179, 207,
 169,  78,  51, 213, 161, 183,  83, 103, 118,  91, 230, 168, 109, 174,  27, 253,
  91, 116, 237,  80, 204, 140, 178, 178, 182, 120, 169,  45, 130, 151,  10, 212,
  17, 204, 239, 114, 242,  40, 219, 154, 151, 110,  58, 213, 112, 216, 149, 151,
  32,  10, 188,  54, 150,  11,  90, 197, 157, 113, 173, 113, 162,  62, 230, 167,
 140,   5,  57, 255,   0, 199, 104,  11, 179, 134, 169, 113, 149, 197, 110,  18,
 101,  43, 187,   5, 212,  45, 110, 110,  77, 136, 113,  18,  23,  50,  15,  97,
  93, 167, 131, 116,  13,  62, 239,  73, 142, 104, 176, 115,  92, 195,  25, 124,
 189, 170,  88,  33, 234,  51,  93,   7, 130, 117, 120, 225, 149, 237, 124, 207,
 187,  39,  79,  78,  42, 160, 245,  62, 107,  53, 195,  47, 141,  29, 130, 120,
 114, 217,  50,  60, 186, 209,  77,  42, 218,  40, 240,  16,  10, 188, 135, 114,
   3,  73, 207, 106, 234,  62, 112, 231,  53, 173,  32,  75, 102, 224,  87, 157,
  94, 120,  78,  89, 103, 145, 177, 242, 215, 171, 222, 151,  19,  42, 255,   0,
   1,  53,  43,  91,  69, 246,  38, 249, 123,  84, 176, 146,  62,  95, 120, 243,
  85,  94,  14, 106, 246, 105, 181, 149, 205, 108,  84, 141,  59,  85, 235,  79,
 248, 248,  79, 173,  51, 109,  61, 126,  87, 221,  77,  63, 120,  86,  61,  55,
  79, 159, 100,  11, 207, 106, 210,  19,   6,  83, 254,  53, 192, 217, 106, 248,
  85,  82,  77, 109,  69, 116, 210,  69, 185,  88, 215, 208,  82, 170, 164, 142,
 110,  83, 106,  79, 179, 183, 250, 202, 193, 212,  45,  52, 197,  66, 206,   3,
  31,  65,  84, 110, 218, 227, 105, 147,  45, 138, 169,  20, 222, 114, 175,  53,
 193, 141, 198, 114,  43,  35, 215, 202, 242, 223, 172,  79, 247, 155,   2,  42,
  69, 159,  45,   2,  83, 102, 148, 236,  57, 205,  79, 218, 169, 205,  42, 153,
   0, 255,   0, 107, 154, 240,  28, 155, 212, 250, 215,  78,  20,  97, 104, 146,
 224,  44,  41, 244, 207,  21,  14,  23, 112, 201, 235,  79,  37, 204, 163,  31,
 119, 181,  64, 231, 115, 125,  43,  48, 147, 208,  60, 199, 206, 220, 212, 138,
  48, 187, 141,  68,  42, 198,  61, 120, 169,  54, 160, 174,  70, 253,  42,  48,
 127,  51,  83, 252, 164, 125, 204, 210, 110, 141, 122,  71, 243, 125, 105, 164,
 110, 240, 243, 111,  65,  76, 164, 124, 178,  46, 125, 233, 132, 166, 236, 128,
 223, 141,  35,   3, 156, 236,  63,  90, 144,  40,  81, 239,  72,  94, 253, 236,
  38, 252, 143, 240, 169,  34,  99, 246, 105, 163, 110,  70, 229,  33, 189,  42,
  57,  35,  45, 151, 141,   9, 199,  80,  41, 169, 254, 165, 255,   0,  42,  12,
 155, 114, 101, 201,  45, 158,  91,  96, 227, 159, 246, 189, 106, 129, 249,  27,
  29, 197,  63, 121,  94, 127, 136, 250,  26, 147, 153,  96, 154,  70, 111, 187,
 142, 166, 153, 140, 209,  95, 204,  42, 115, 154, 209, 177, 185, 243,  46, 144,
  19, 199,  76, 214,  78, 215, 255,   0, 105, 191,  10, 150, 222,  79,  42, 225,
   9,   6, 169,  28, 218, 157, 108, 155, 112, 140, 231,   3,  25, 167, 197, 183,
 148, 217, 215, 163, 211, 160, 140,  74, 138, 195, 251, 189, 234,  66, 187,  25,
 154, 183,  52, 230, 190, 131,  32, 242,  26, 233, 161, 144, 110,  66, 167, 249,
 102, 177, 188,  61, 189, 252,  83, 251, 159, 184, 211,  12,  10, 177,  28, 152,
 212, 114, 122, 103, 154, 183, 167,  79, 109, 101, 168,  44, 171, 142,  27,  57,
 171,  76, 249, 252, 247, 247, 117, 160, 123,  61, 186, 149, 133,  65, 162,  73,
 150,  62, 164,  87,  19,  47, 196,  27,  96, 187,  34,  87,  44,  62, 149,  67,
 251, 122,  91, 169,  55, 229, 192, 250, 214, 206, 170,  62, 126, 117,  15,  68,
 144,  69,  42, 130,  72,  32, 115,  66, 188, 114, 102,  49,  92, 117, 142, 183,
 229, 156,  72, 205, 131,  86, 174, 117, 101,  68, 243,  35, 126, 163, 173,  10,
 119,  53, 135, 188, 143, 159, 232, 167, 209, 138, 147, 113, 180, 252,  80,   1,
 173,  43,  29,  55, 204,  57, 126,   5, 105,  10, 110, 123,  18, 221, 138,  10,
  14, 107, 170, 211,  97, 148, 197,  27, 122, 122, 213, 104, 236, 162, 243,  48,
 181, 210, 216, 233, 119,  78, 131, 106, 126, 117, 232, 210, 163, 236, 151, 239,
  25, 147, 158, 186,  20, 111, 109, 218, 104, 183,  71, 142,  43,  21, 227,  61,
 107, 176, 184, 208, 245,  40,  33, 105,  32, 116, 102, 235, 177, 235, 153, 145,
 103, 149, 176, 240, 249,  78, 120,  29, 243,  94,  37, 109, 207, 179, 203, 177,
 116, 234,  67, 145, 153, 242,  77, 242, 227,  21,  71, 239,  73, 156, 240,  42,
 228, 177, 237, 200, 197,  71, 108,   7, 158,  86,  95, 245, 100, 115,  92, 231,
  85, 123, 220, 114, 201, 128,  54, 254, 117,  60, 254,  93, 202, 121, 138, 187,
  38,  94, 163, 214, 161, 154,  17, 110, 224, 167, 250, 167, 251, 180,  70, 118,
 181,  73, 180, 109,  82,  35,  35,  92, 243, 233,  79, 124, 245, 127, 165,  25,
 254, 239,  74, 177,  19, 199,  44, 109,   3, 255,   0,  23,  67,  72, 234, 167,
 238, 199,  82, 166, 127, 217,  21, 102, 217,  60, 231,  31, 187,  56, 233, 154,
 147, 251,  62,  73,  67,  42,  99, 229, 207, 204, 220,   6, 165, 150, 210, 238,
  24, 194,  70,  80,  46,  57, 144,  26, 210,  35, 149, 117, 208, 177, 116, 201,
   4,  62,  82,   0,   0, 233,  88,  83, 220, 148, 127,  68,  61,  42, 219,  12,
 184,  93, 203, 243, 119,  53, 175, 111, 167,  67,  20,  95, 223,  39, 169, 167,
 185, 203,  85,  77,  43,  35,  22, 210, 247, 201, 183,  98, 139, 146, 199, 174,
 105, 102,   4,  42, 103, 239,  99, 145,  87,  12, 144, 233, 236, 203,  12, 123,
 185, 207,  61, 170, 190, 224, 202, 100,  98, 124, 198, 169, 102, 113,  82, 177,
  73, 146,  78, 161,   9, 171,  17,  41,  91,  54, 223, 193,  39, 145,  82,  13,
 196,  81,  33, 249,  21,  51, 156,  84, 155,  44,  61, 189, 225,  51, 233,  81,
 203, 202,  19,  79,   7,  43, 154,  78, 213,  39,  76, 226, 185,  14, 151,  65,
 144, 205, 107, 131, 253, 218, 158, 234,  93, 185,  90, 203, 240, 164, 216, 142,
 229,  15, 100,  21,  45, 244, 187, 179, 235,  93, 112,  60, 202,  17, 230, 145,
 151, 123,  63, 149, 111,  44, 159, 149,  77, 166, 194,  36, 183,  14, 221,  77,
  98, 235,  55, 195, 206,  91,  62, 202,  67,  26, 221, 211,  29,  90, 217, 113,
  78,  71, 203, 231, 213, 253, 165, 125,  58,  26, 105,  28,  81, 253, 213, 171,
  17,  75,  84,  60, 222, 106,  85,  97, 138, 198, 231, 207,  26,   1, 247, 175,
  63, 202, 172,  93, 234, 218, 117, 166, 144,  68, 196,   6, 247, 172, 197, 185,
  84,  83, 184, 224,  86,  30, 183, 117,  97,  58, 236, 145, 137,  62, 213, 182,
  30,  86, 101, 211, 109,  28, 180,  83, 102, 173,  47, 205, 222, 176, 160, 184,
 193, 193, 173, 123,  41, 195,  74,  43, 171, 151,  83, 183, 152, 216, 179, 177,
  85,  62, 100, 191, 128, 171, 190, 119, 155, 251, 168, 127,  58, 162, 243, 187,
 128, 177,  86, 173, 141, 139,  39, 204, 213, 237,  97, 105,  40, 163,  25,  59,
 154, 250,  93, 148,  81, 236, 102, 230, 186, 232,  53, 139, 123, 120, 194, 142,
 213, 199,  44, 219,  71,  20, 121, 207, 253, 234, 210, 189,  24, 213,  86, 144,
 163, 161, 185, 171, 248, 135,  49, 182,  50,  56, 174,  20, 234,  91, 166, 220,
  71,  32, 213, 221,  70, 235,  11, 141, 221, 171, 158, 234, 115,  94,  53, 122,
 116, 225, 164,  78, 170, 114, 113, 124, 199,  80, 139,   6, 168, 187, 241, 229,
  75, 223, 210, 168,  94, 105, 134,   6, 196, 163,   9, 215,  62, 213,  62, 157,
  48, 242, 193, 246, 171, 186, 165, 244,  31,  98, 120, 228, 195, 200,  84, 236,
 199, 106, 243,  36, 143, 178, 163,  57,  56,  46, 167,  55, 231, 254, 237, 160,
 206, 232, 119, 101, 115, 214, 165, 138,  84, 141,  36,   5, 119, 135,  31, 149,
  85,  11,  78, 246, 239,  88, 157,  16, 208, 147,   3, 109,  70, 121, 254,  63,
 206, 157,  16,  50,  62, 220, 245, 166,  99, 252, 230, 145, 114, 159,  50,  45,
 139, 201,  68, 161,  92, 252, 159, 237, 115,  90,  23, 119,  64, 216, 148, 237,
  88, 161, 185,  25, 228,  84, 173, 230,  58, 237, 251, 222, 213, 124, 196,  46,
  98, 104, 164, 137,  24,  49,  71,  39, 235,  79,  91, 201,  35,  66, 187, 250,
 213, 125, 184,   3,  61, 104, 217, 159, 122,  17, 233,  40, 199, 237,  11, 191,
 142,  57, 164, 197,  40,  95,  44,  80,  42,  12, 234,  91, 160, 180, 207, 226,
 169,  49, 197,  66, 120,  52, 137, 150, 131, 214, 151, 238, 140, 212,  91, 234,
  72, 199, 156, 202, 131, 248, 142,  40, 177,  62, 217,  90, 198, 166, 151,  15,
 216, 237,  30, 127, 226, 155, 181,  87, 158, 224,  68, 143,  60, 167, 228,  78,
 106, 196, 210, 240,  34, 143, 162, 240,  43, 152, 215, 117,  45, 234, 214, 112,
 227,  96, 251, 237, 235,  93, 208, 143,  67, 143,  19,  90,  56,  74,  46,  79,
 118,  82, 146, 226,  59, 157, 210, 144,  55,  19, 154, 212, 209, 238, 157,  99,
 219, 201,  92, 214,  30, 157, 103,  53, 237, 202,  91, 196,  50, 204, 107, 210,
 225, 240, 221, 158, 151, 164,  21, 114,  26, 125, 187, 179,  85,  59,  31,   3,
  86,  92, 219, 153, 139,  37,  76, 101,  32,  85, 123, 113, 187,  60, 254,  53,
  44, 155,  64, 174,  51, 140, 173,  57, 103,  24, 201, 170,  63,  99,  29, 122,
 214, 139,  12, 211, 162, 139,  45,  86, 157, 134, 121, 255,   0, 217,  61, 234,
 213, 170,  21, 231,  53, 171, 246, 113,  75, 228,   0, 107, 187, 152, 236, 229,
  37, 178, 148, 164, 185, 111,  90, 235,  98, 185,  87, 135, 240, 174,  72,  71,
 138, 149, 101, 145, 122,  53, 117, 208, 197, 184, 110,  46,  67, 119, 237, 129,
  30, 162, 184, 212, 177, 144, 184, 172,  41,  55,  55,  59, 185, 170,  62, 115,
  70, 216,  52, 231, 141, 114, 216,  57, 108, 105, 201,  43,  76, 217,  99,  76,
  85, 170, 169, 118, 189, 235,  74, 218,  72, 228,  79, 145, 240, 228, 215,   4,
 159,  83, 175,  15,   5,  86, 124, 163, 163, 159, 236, 251, 149, 126,  99, 235,
  67, 200, 206, 219, 152, 228, 212,  45,  25,  71, 230, 156,  27,  43,  92,  18,
 119,  62, 211,  13,  21,  74,  28, 129, 158, 106,  41,  91, 107, 138, 146, 161,
 184, 251, 158, 245,  40, 117,  93, 162,  91, 182,  93, 197, 249, 249, 182, 241,
  85, 254, 111,  48, 140,  84, 113,  73, 184, 100,  85, 196, 118, 145, 123,   3,
 235, 182, 153,  16, 253, 231, 194,  68, 136,  88, 247,  30, 248, 169, 149,  66,
 116, 229, 168,  45, 176,  97, 207, 235,  81,  73,  56,  94, 132,  19,  65, 210,
 154, 130, 212, 189,   5, 186, 201, 151, 121, 124, 180,  30, 180, 211, 116, 140,
  74, 219,  68, 177, 199, 253, 230, 228, 154, 201, 220, 115, 187, 169,  53, 114,
  57,  85, 151, 211, 218, 153, 148, 107, 123,  73,  15, 250, 211, 128, 165, 197,
  55,  24, 231, 138, 147, 170, 234,  34, 230, 170,  76, 126, 106, 146,  75, 133,
  78, 252, 213,   9,  38, 222,  73,  53, 106,  39,   6,  39,  16, 137,  12, 181,
 165, 163,  46, 229, 158, 126, 201, 242,  10, 192, 103, 221, 197, 110,  44, 205,
 228,   8,  65, 249,  71, 106, 213,  64, 224, 142,  42, 206, 228, 215,  50,  98,
 218, 109, 189, 118, 154, 229, 237, 237,  37, 191, 188,  16, 194, 173, 150,  63,
 123,  21, 210, 174, 220, 126, 243, 132, 239,  77, 184, 241,  69, 158, 153, 110,
 214, 250,  61, 160,  83, 143, 245, 166, 183,  87, 232, 120,  89, 158,  38, 117,
 103, 118, 108, 105,  54,  80, 232, 123,  97,  36,  52, 159, 222, 172, 141, 127,
 197,  70, 226,  70, 183, 183, 225,  58,  49, 205, 115,  83,  95, 222,  93, 130,
 242, 202, 199,  61, 253, 106, 152, 110, 148, 213,  62, 231, 151, 107, 234, 206,
 223,  78,  37, 237, 193, 235, 197,  89, 193,  45,  85, 180,  64,  13, 128,  39,
 181, 104, 249,  99, 156, 215,  36, 183,  48, 100, 105,  30, 225,  86, 109, 225,
   3, 173,  17,  71, 242, 228, 244, 170, 215, 215,  71, 203, 100, 136, 224,  10,
 130,  76,  26,  90,  40, 175,  68, 244,  64,  10,  49,  69,  45,   0,  39,  90,
 171, 115,   6, 236, 213, 202, 187, 101, 164,  93, 106,  24, 242,  98,  36, 103,
  20,   3,  57,  22,   5,  77, 105, 233,  42,  19, 116, 238, 120,  79, 187, 238,
 107, 170, 188, 248, 127, 118,  34,  46,  34, 108, 237, 205, 114, 114, 203, 121,
 166, 226, 214,  72, 212, 121, 103, 248, 146, 148, 174, 105, 135, 116, 227,  59,
 204, 233, 163, 140, 222,  88, 172, 197,  63, 121, 209, 128, 170,  15, 111, 177,
 246, 230, 178,  99, 215,  94,  28, 230,  33, 255,   0,   1,  56, 171, 246, 151,
 209, 222, 182,  19, 135, 254, 233, 174,  73,  82, 103, 212,  81, 204, 104, 207,
 221,  76, 176, 182, 227, 187, 209, 246,  52, 117, 230,  66,  63,  10, 120,  66,
  41, 194, 179, 177, 232, 124,  68,  49,  88,  65,  23, 118, 127, 173,  74, 199,
 108, 103, 110,   5,  45,  49, 190, 100,  34, 128, 178, 138, 178,  50, 216, 245,
 205,  87,  45, 205,  75,  50, 149, 115, 154, 175,  91,  35, 195, 171, 126,  97,
 194,  70,  20, 229, 152, 131, 233,  81,  82,  83, 177,  42, 114,  69, 244, 189,
 124, 113,  76, 158, 225, 220, 114, 127,  10, 163, 158,  41, 115, 239,  75, 217,
 154, 253, 110,  86, 176, 246, 106, 102, 234, 140, 181,  51,  53, 162, 137, 203,
  41, 220, 181, 105, 243,  77, 187, 211, 165, 106,  67, 156, 115,  89, 186, 113,
 203,  56, 173,  62,  20, 115,  76, 207, 154, 219, 146, 151, 134,  53, 205, 199,
   9, 252, 235,  61, 237,  98, 187, 155, 127, 151, 228, 219, 138,  73, 239, 173,
 149, 126, 113, 184, 175, 221,  21,  68, 234, 158, 119,  25, 170, 179,  60, 140,
  69,  78, 121,   9, 119,  56,  36, 199,  26, 133,  69, 244, 170,   2, 158,  87,
 107, 100, 116, 168, 193, 230, 180,  70, 103, 113, 161, 176,  58, 112, 250,  86,
 186,  12, 159,  74, 230, 124,  59,  49, 242,  10,  87,  65, 115, 113, 246, 120,
 253, 205, 112, 212,  90, 156, 211, 220,  47,  38, 231, 200,  67, 242, 247, 170,
  83, 252, 176, 117, 164,  87, 231,  53,  13, 220, 159, 185,  52, 146,  17,  82,
 138,  90,  43, 184, 238,  18, 150, 138, 112,  28, 208,  50, 107,  56, 124, 235,
 184, 227,  36,  96, 158, 245, 238,  94,  30, 211, 109,  96, 211,  99, 196,  81,
 254,  85, 231,  94,  22, 240, 188,  90, 145, 134,  73,  88, 242, 123,  87, 172,
 218,  89, 199, 101,   0, 138,  62, 149, 181, 172, 136, 108, 149, 227,  86,  76,
  16,  43, 207, 252,  97, 224, 248, 239, 255,   0, 120, 145,  32,  60, 243, 138,
 239, 101, 184,  72, 219, 111,  90, 163, 168, 202, 134, 223, 133,   7, 173, 101,
  48,  71, 204, 151, 246,  50,  89, 221,  73,   3, 240,  86, 186, 207,   4, 248,
  74, 107, 219, 152, 175,  37, 140, 121,  89, 227,  34, 183, 159, 194, 183, 122,
 134, 183,  44, 237,  16, 217, 218, 189,  51, 195, 250,  82, 233, 250, 122,  38,
 220, 113, 210, 170,  59,  13,  74, 199,  51, 171, 248,  28, 220, 217,  36, 150,
  11,  26, 220,  40, 229,  58, 110, 252, 107, 207, 239, 172, 110, 172,  38, 242,
 238, 224, 120,  92, 244,  13, 222, 189, 255,   0, 165,  81, 213,  52, 155,  61,
  94, 208, 219, 222,  66,  36,  94, 222, 162, 179, 157,  27, 158, 158,  23,  52,
 169,  75, 221, 123,  30,   1, 187, 222, 138, 235, 252,  65, 240, 250, 251,  75,
 141, 174, 108, 156, 221, 192,  51, 145, 252, 107,  92, 113, 224, 255,   0,  62,
  43, 142,  80, 107, 115, 232,  40, 227,  97,  89,  93,  20,  46, 254, 247, 173,
  82, 171, 147,  15, 153, 170, 155,  85, 196, 243, 235, 191, 120,  97, 162, 147,
 154, 105, 205, 104, 115, 115,   3,  53,  51,  52,  82,  85,  25, 182,  46, 120,
 168, 158, 167,  85, 171,  54, 240,   9,  28,  35, 116, 166, 102, 231,  98,  45,
  61, 132, 102,  73,  28, 225,   7, 173,  69, 117, 169, 121, 163, 106, 103,  21,
 127, 196, 177, 195, 108, 176,  67,  16, 249, 142,  75,  87,  59, 154, 209,  35,
 138, 173, 110, 109,   9,   9, 245, 166,  26, 101,  38, 106, 206, 114, 212, 114,
 113, 180, 154, 134,  68,  43,  38,  71,  53,  30, 238, 106,  85, 151, 229, 195,
  80,   7,  73, 225,  81, 230,  52, 158, 216, 173,  75, 251, 133, 146, 224, 128,
 122,  87,  49,  97, 127, 246,  40, 228,  17, 247, 171,  80,  93, 121, 188, 177,
 249, 171, 154, 113, 214, 230,  82,  70, 204, 114, 131, 211, 154, 173, 169, 206,
  34, 179,  59, 169, 182, 140,  89, 136, 172, 159,  16,  79, 243,   8, 168, 132,
  53,  37,  68, 219, 162, 133, 235,  78, 197, 106, 116, 137,  79,  74, 110,  49,
  74, 167, 154,  99, 103, 163, 248,  22,  71,  79,  39,   7, 142,  69, 122, 109,
 121, 191, 130,  18,  40, 227, 135,  36, 111, 230, 189,  18,  73,  86,  49, 201,
 173, 153, 156,  74, 151,  33,  82,  77, 231,  53, 158, 239, 231, 252, 169, 205,
  51,  80, 213, 144, 229,  65, 201, 232,  49,  85, 244, 149, 186, 105,  55, 236,
 249,  77,  98, 181, 102, 137,  27, 182, 118, 190,  92, 127,  55,  90, 187,  72,
  58,  82, 214, 162,  10,  40, 162, 128,  18, 185,  15,  18, 248,  26, 223,  87,
  79,  50, 204, 199, 111, 117, 207,  59,   6,  31, 235,  93, 125,  67,  12, 254,
 105,  35,  97,  92, 122, 212, 184, 166,  85,  57, 202,  14, 241,  60,  35,  89,
 240, 142, 179, 167,  15, 223,  88,  73, 183,  60,  73,  16, 222,  15, 229,  92,
 163, 163,  41, 228,  99, 181, 125,  81,  84, 238,  52, 173,  62, 235,  62, 125,
 149, 188, 153, 254, 252,  98, 178, 246,  93, 142, 167, 141, 148, 190,  35, 229,
 250,  97, 174, 175, 226,  29, 173, 189, 167, 139, 238,  32, 182, 183, 138,  24,
 213,  87, 229, 141,   0, 174,  94, 164,  61, 185,  22,  51,  79, 138,   7, 144,
  55, 148, 187, 136, 163,  57, 167,  71,  36, 232,   8, 136, 227, 119,  92,  80,
 101,  42, 236, 134,  59, 134, 135,  59, 151, 154, 213, 176, 196, 159, 191, 254,
  17, 201, 168, 172, 180,  91, 155, 220, 178,  41, 227, 171,  81,  42,  53, 129,
 120,  25,   8, 207,  92, 247, 160, 195, 154, 230, 102, 163, 115, 246, 219, 198,
 151,  24,  24,   3,  21,  75, 101, 106,  77,  26,  73, 202, 241, 138, 164, 241,
 237, 173,  16, 172,  86, 242, 233, 190,  85,  89, 163,  28, 213,   8, 164,  84,
 138,  51, 138, 189, 180,  83,  90, 217,  13,  80, 138, 203,  38, 218, 182,  23,
  35, 114,  26, 131, 236, 223, 237,  86, 172,  58,  80, 142,  31,  51, 206, 235,
 218, 162,  77,  33,  54,  58, 198, 236,  33, 195, 117, 172, 221,  80, 249, 151,
  69, 170, 220, 106, 146,  79, 183,  53,  14, 163,   7, 149, 142, 104,  66,  63,
 255, 217,
